5.815165254336320366e+00 2.160207733529171836e+00 3.482046070972716123e+00 -1.458518540455304047e+00 1.136405855832658095e-02 4.500919654636340583e-01 3.441060402968059567e-02 2.915018936830796048e-01 -7.362277292386499861e-01 -5.022608883706397576e-03 5.543496854613800817e-01 -1.527622335998119613e-02 -2.198396687596343990e-01 -3.282180946115578202e-01 1.025247823183488560e-01 -2.078093622185353873e+00 -3.989471874895237913e-01 -3.914710280731555914e-01 -2.380624947149219572e+00 -2.124715342017951869e+00 -2.805646966218206195e+00 2.925235290672177912e-01 -1.655427471129262140e-01 -8.604087186470420201e-02
2.159826065110467930e+00 1.085107746746407997e+01 -1.326883895039632000e+00 -1.420996925206360117e+00 -5.263117022405960022e+00 4.316062624371360457e+00 1.807827266569780100e+00 -2.257471442966922037e+00 -4.589637473883373953e-01 -1.165632062460885271e-01 2.394413135517359584e-02 -2.246619713275936070e-01 3.275458507887756276e-01 2.320080075812838150e-01 2.172911157611423782e-01 -1.834391997048804068e+00 -2.274627194938778074e-01 6.254665280450559806e-01 -7.405406496151218931e-01 -3.306417195318618329e+00 -3.174575231002338072e+00 -1.827064043526490100e-01 -5.256122621516504112e-02 2.626457658032980286e-02
3.482817409250944074e+00 -1.325840865991943840e+00 1.016901514119859939e+01 8.849605736408600043e-01 4.541471389078539644e+00 -5.548817965929579543e+00 -1.099244120968152050e+00 1.849659204631859954e-01 9.804892868065180345e-01 2.151767295286053927e-01 1.156424073278990161e-01 -4.962506165722007506e-02 1.029745544999539908e-01 -2.176714508865812137e-01 -4.364919997284281983e-02 -1.266660873174767943e+00 4.874331347547439797e-01 1.061687485262196029e+00 -2.497930554691980110e+00 -3.704502904796587615e+00 -6.581314881116179905e+00 1.779062819145357799e-01 -8.149762994925460746e-02 1.221519540848505121e-02
-1.457965019990371980e+00 -1.420898084974731912e+00 8.855397252290320154e-01 8.287099114034120362e+00 -1.640583378590637853e+00 -4.093408054452620348e+00 -4.346684608966540075e+00 3.169638369548519741e+00 3.532794421057392054e+00 -2.265414188145236096e+00 2.275233168058483912e-01 -6.951005741953919514e-01 2.923783978533596173e-01 1.826625484827447965e-01 1.775198025462890183e-01 4.924608571147360420e-02 -5.626631208843100307e-01 4.760581867406660228e-02 -4.160494791466127773e-01 -3.343879153948821625e-01 2.798602388033989974e-01 -1.426103013501948125e-01 3.787082650074455881e-01 -1.348113776621713833e-01
1.095846173005424196e-02 -5.263329973976520471e+00 4.543801421742020175e+00 -1.640864187779178085e+00 1.085266582716500139e+01 -1.930565804231402005e+00 1.689714606247493922e+00 -3.307591056150154252e+00 -2.789077025509565821e+00 1.549486314178961877e+00 -2.273126665838395843e-01 1.164055297448026050e+00 1.653995576622910024e-01 -5.250802072254120295e-02 8.178360679558391300e-02 1.805911744542250119e-01 2.399156387927900078e-02 -1.773965605163745907e-01 -1.576380943143091962e+00 -2.258005669354392175e+00 -9.977472887983540595e-01 -3.789049833507568410e-01 2.320899957431372118e-01 1.051463530700799953e-01
4.506805793244660352e-01 4.315984144830760094e+00 -5.548887193975719612e+00 -4.091907472734080287e+00 -1.930362313524840001e+00 7.695259545729419948e+00 3.224757369552198050e+00 -2.864652552195503965e+00 -4.611635663786179506e+00 1.778292194835726647e-01 5.874903821491940237e-01 1.247751559239727914e+00 -8.595648745898140652e-02 -2.660718534148399927e-02 1.256990919071740778e-02 -1.824335750482924123e-01 -6.283413593617188930e-02 -1.042244659675095192e-01 6.409290882178599880e-01 8.413461517966103198e-02 1.430197396223047868e+00 -1.338987213367577866e-01 -1.031529551616151980e-01 -1.210310866534975993e-01
3.404111536568672075e-02 1.807686188515893910e+00 -1.098381332776848129e+00 -4.347373422087580153e+00 1.689379681117809895e+00 3.225267457050316366e+00 1.029687571561698078e+01 -2.525974941651077721e+00 1.863922827458076137e+00 -3.885844329788200380e+00 6.817493152790059519e-01 -4.207598941182880026e+00 -6.081358191330279994e-03 1.165148552538357862e-01 2.152840687883741944e-01 -5.131058868917339616e-02 1.533018896710044154e-01 -6.344478227041305818e-02 2.243899193608775988e-01 -3.730821073999821547e-01 -1.147286943407202359e-01 -2.264697051587234000e+00 -1.549574880786487974e+00 1.796793972740914069e-01
2.914218875748704196e-01 -2.258091794355188142e+00 1.855740234104276132e-01 3.170157364832739688e+00 -3.307693993993481740e+00 -2.864516010698909820e+00 -2.526449725669287716e+00 7.004840414936220228e+00 3.633671947430324067e+00 -6.821649272244101336e-01 -1.353146452184712079e+00 -3.288671917421557844e-01 -5.540817368225179340e-01 2.479655882213780554e-02 -1.157761967170560097e-01 1.949638040753375878e-01 3.000400091982141637e-01 -1.025922601185859928e-01 3.337470725492749923e-01 -1.838404974928121993e-01 1.795588492775831990e-01 -2.275937393160094024e-01 -2.269042449303723952e-01 -5.870531608416260649e-01
-7.369681603267919101e-01 -4.583658008079846136e-01 9.797606003457319801e-01 3.531381778510668035e+00 -2.786559329174213673e+00 -4.611498744773680158e+00 1.865341789238259773e+00 3.633126825756848088e+00 9.541574173963621064e+00 -4.206462076934100125e+00 3.270504077332297421e-01 -7.040210668752139966e+00 -1.515837241358332019e-02 2.252665986740458037e-01 -4.919996189691602101e-02 4.700961023571379599e-02 1.575963370843782019e-01 3.539381887719794673e-03 2.105374274570704085e-01 6.603518575465144869e-02 -7.210978679839526173e-02 -6.956819957672499832e-01 -1.164150225020954110e+00 1.248145006024059978e+00
-6.080630390300685931e-03 -1.165148646792632525e-01 2.152862681876802076e-01 -2.264690504663304349e+00 1.549585407817144045e+00 1.796770439695316024e-01 -3.885844356986276171e+00 -6.817459117943660551e-01 -4.207593210877120349e+00 1.029691085727018063e+01 2.525974716714341817e+00 1.863900605431209945e+00 3.403277929859620243e-02 -1.807697920139995862e+00 -1.098379796076164094e+00 2.243903952532481927e-01 3.730790848568380502e-01 -1.147288583098393655e-01 -5.131146177868480679e-02 -1.533004706581559962e-01 -6.344500446482723155e-02 -4.347407078003479697e+00 -1.689380042116541913e+00 3.225282952139542303e+00
5.540822876441580114e-01 2.479536341322539222e-02 1.157737273906336017e-01 2.276013606008400192e-01 -2.269091757066895865e-01 5.870549075202899925e-01 6.821680812769920221e-01 -1.353146505027457813e+00 3.288778923613622229e-01 2.526449351239025809e+00 7.004816009669240451e+00 -3.633677113067694364e+00 -2.914328985457007581e-01 -2.258083302373772305e+00 -1.855631370699692140e-01 -3.337489960983218151e-01 -1.838411802380676141e-01 -1.795607331584680166e-01 -1.949619710400138095e-01 3.000405877874186000e-01 1.025937822333596039e-01 -3.170157215076979895e+00 -3.307671797523914492e+00 2.864500673790486118e+00
-1.516690016283092114e-02 -2.252642284415448115e-01 -4.919507503365120465e-02 -6.956768838928759635e-01 1.164154077320763925e+00 1.248135648594439928e+00 -4.206467616733199577e+00 -3.270438683498211874e-01 -7.040205796647320824e+00 1.865322879559226044e+00 -3.633135791832088124e+00 9.541580274175180065e+00 -7.369632168351138990e-01 4.583710384337448263e-01 9.797533337128900843e-01 2.105393058818990082e-01 -6.603054119630766272e-02 -7.210381523361038270e-02 4.700938423317860271e-02 -1.575958936856418080e-01 3.533496278832204407e-03 3.531403047949720264e+00 2.786545207750895869e+00 -4.611498065846760142e+00
-2.198396601269387851e-01 3.282214828840802068e-01 1.025246467667937922e-01 2.925240565526192049e-01 1.655405889728182034e-01 -8.604110814195359280e-02 -5.023279713236794564e-03 -5.543492090027439811e-01 -1.527459962616160155e-02 3.440244838330058785e-02 -2.915129577357774004e-01 -7.362244007557579017e-01 5.815157905600599975e+00 -2.160205361742689956e+00 3.482062986727890053e+00 -2.380618369384316146e+00 2.124724681438999951e+00 -2.805643284015009620e+00 -2.078089907901861988e+00 3.989566385664954362e-01 -3.914774507470644149e-01 -1.458513193410161835e+00 -1.137586338118204247e-02 4.500732097912659713e-01
-3.275423307042101828e-01 2.320080638344153845e-01 -2.172918743568408029e-01 1.827048618246746026e-01 -5.256276648840720045e-02 -2.626447368585113976e-02 1.165632500412369793e-01 2.394553653430699786e-02 2.246636970442456027e-01 -1.807839076359675889e+00 -2.257462805450467958e+00 4.589650510729194055e-01 -2.159823619127930527e+00 1.085109083890145953e+01 1.326832980760662029e+00 7.405496630719099471e-01 -3.306449086402977855e+00 3.174600916563314001e+00 1.834403811488177993e+00 -2.274719439055021830e-01 -6.254626887852740014e-01 1.420983439765815870e+00 -5.263097837022820080e+00 -4.316043608613179927e+00
1.029606892213197900e-01 2.176785378571798046e-01 -4.363710598235137628e-02 1.778970389280186137e-01 8.149628621448340438e-02 1.220013084163257613e-02 2.151754702264791763e-01 -1.156586234955830211e-01 -4.961188013341390202e-02 -1.099236902498100132e+00 -1.849688556059790046e-01 9.804739433122720005e-01 3.482845000358520515e+00 1.325798086321023916e+00 1.016900777381514054e+01 -2.497923770593987847e+00 3.704540693820390196e+00 -6.581315962861200575e+00 -1.266666637615871949e+00 -4.874185786305240131e-01 1.061673504756379893e+00 8.849491119736220268e-01 -4.541467546480999928e+00 -5.548790403748439459e+00
-2.078087677907686004e+00 -1.835281065676594103e+00 -1.266275151559643986e+00 4.889620082828011888e-02 1.804417945437346016e-01 -1.830961464325251975e-01 -5.147050096287899418e-02 1.949655837370185829e-01 4.585461316934630327e-02 2.242742830110601993e-01 -3.335347386019293925e-01 2.115900212419734028e-01 -2.380630854919886019e+00 7.414005433287700342e-01 -2.498552152722924191e+00 1.132321939934229960e+01 -1.273998998924779968e+00 -1.277768871722554156e+00 -6.669823275413380159e+00 7.497583011710460266e-01 4.325924328499660021e+00 -4.163775739778339813e-01 1.576248580422736190e+00 6.423233595266619744e-01
-3.988241485738036052e-01 -2.271014777854197808e-01 4.872519288156059725e-01 -5.627123984050819150e-01 2.468084339290258292e-02 -6.217111576565720332e-02 1.534988193605459350e-01 2.998114209805571861e-01 1.578579129621521804e-01 3.729191077170296298e-01 -1.839491098328100149e-01 -6.711892760470072883e-02 2.124819377590798197e+00 -3.306008028871772364e+00 3.706380848611860124e+00 -1.273835263163711984e+00 7.002818404386760065e+00 -4.237266281955259117e+00 -7.503911490690460262e-01 -1.351975596922770029e+00 1.008318233995246643e-01 3.345256545432716000e-01 -2.258276455347457912e+00 -8.576618846353439851e-02
-3.935498440421394406e-01 6.246826869887500688e-01 1.061333060747843948e+00 4.727680289789519541e-02 -1.749559911456123884e-01 -1.040456902774438003e-01 -6.214091845713579088e-02 -1.026321992867052918e-01 3.518382976339801127e-03 -1.140283140074062618e-01 -1.795811818947415928e-01 -7.178700648597302614e-02 -2.805842110046979698e+00 3.176330333323593713e+00 -6.581086008210940363e+00 -1.274901134730382246e+00 -4.238097838288360286e+00 8.513641767502919677e+00 4.323982517421679717e+00 -1.023366732447110877e-01 -4.251124328895420135e+00 2.792030009644695943e-01 9.965908635477700450e-01 1.429549822642666168e+00
-2.380637070887446249e+00 -7.413909456245160179e-01 -2.498553600885590420e+00 -4.163836796226645931e-01 -1.576259122115699851e+00 6.423228973437320466e-01 2.242738560800613956e-01 3.335327319060538143e-01 2.115904811839728061e-01 -5.147198514690920490e-02 -1.949635510951246153e-01 4.585489138706337620e-02 -2.078084104895931983e+00 1.835292716328996043e+00 -1.266275178215035879e+00 -6.669823152161280078e+00 -7.497445844341701360e-01 4.325920608365619202e+00 1.132322913557428024e+01 1.273975088453436211e+00 -1.277762062725940062e+00 4.889700105990508333e-02 -1.804423334189733663e-01 -1.830980364538219995e-01
-2.124810132830069698e+00 -3.305976328105563855e+00 -3.706353342265616302e+00 -3.345334746767326117e-01 -2.258271868088379986e+00 8.576411455525000116e-02 -3.729220316731806095e-01 -1.839483371431034076e-01 6.711858582376696580e-02 -1.534971227059366006e-01 2.998118510224559996e-01 -1.578577209109238155e-01 3.988336945204438155e-01 -2.271105568333219860e-01 -4.872454501784619918e-01 7.504054722737080185e-01 -1.351975659203469959e+00 -1.008493158012866847e-01 1.273811086567818052e+00 7.002789824612159819e+00 4.237251847969980112e+00 5.627125085239499391e-01 2.468107373921918021e-02 6.217128080727679640e-02
-2.805826852239247771e+00 -3.176308807429303993e+00 -6.581085785688119749e+00 2.792159100588131881e-01 -9.965857121721299894e-01 1.429569136724373912e+00 -1.140273439269060135e-01 1.795950291655394326e-01 -7.180526196127554051e-02 -6.214870744471699682e-02 1.026515232984046289e-01 3.535182547517196072e-03 -3.935729153829086169e-01 -6.246892271669359786e-01 1.061349006137939810e+00 4.323980528878500706e+00 1.023053287740829931e-01 -4.251144019416320141e+00 -1.274891942180139903e+00 4.238067825655260634e+00 8.513646300438299619e+00 4.727132223660605870e-02 1.749640398750816062e-01 -1.040645587824085977e-01
2.923777404100678101e-01 -1.826644817804958243e-01 1.775189210646141991e-01 -1.426104623605389810e-01 -3.787058096259775519e-01 -1.348100174109782001e-01 -2.265420487489522294e+00 -2.275155896289314250e-01 -6.951080252698240702e-01 -4.346717811521719987e+00 -3.169638349748362227e+00 3.532814013858299962e+00 -1.457959608382628058e+00 1.420884807593448151e+00 8.855216285975320289e-01 -4.160431447049167675e-01 3.343802848844691922e-01 2.798614961003177970e-01 4.924683126694399948e-02 5.626632173030120532e-01 4.760735873929998474e-02 8.287126942782318650e+00 1.640595921002833801e+00 -4.093405375679260771e+00
-1.654019635435819979e-01 -5.250666605591199076e-02 -8.178320792734046496e-02 3.789072675561078185e-01 2.320901750380420236e-01 -1.051463387441035902e-01 -1.549476104603276116e+00 -2.273077754751225976e-01 -1.164052716247720110e+00 -1.689714505234225950e+00 -3.307568806255479998e+00 2.789066043152460317e+00 -1.097025329127961947e-02 -5.263310872544280095e+00 -4.543792486198140246e+00 1.576370632935593985e+00 -2.258010168613937996e+00 9.977523677610720121e-01 -1.805918813184023974e-01 2.399168348768460080e-02 1.773941905411471898e-01 1.640876807499064061e+00 1.085262243041900021e+01 1.930562147662633787e+00
-8.594334050058560770e-02 2.659800069736400346e-02 1.255721197523659155e-02 -1.338948528168903973e-01 1.031614096059919883e-01 -1.210153605505377983e-01 1.778374899381583163e-01 -5.874737887813918924e-01 1.247740461359281960e+00 3.224772117394286042e+00 2.864650073267227981e+00 -4.611625554282500872e+00 4.506454435321040064e-01 -4.315970048082140131e+00 -5.548860256180899952e+00 6.409264566991840217e-01 -8.414487547280748159e-02 1.430183544773992121e+00 -1.824290757985878031e-01 6.282303700549325687e-02 -1.042085945781712208e-01 -4.091914238447680319e+00 1.930356191760252083e+00 7.695228547483599968e+00
