4.010652732786100572e+00 2.121859551503106012e+00 2.814171444438987812e+00 -8.732667565921259367e-01 2.803090075150824201e-02 3.227654367012193770e-01 9.834163089383379797e-02 1.037946771865331935e-01 -4.436782875226893963e-01 -3.788687180101256435e-02 3.257796012043335798e-01 -2.600607520546278223e-02 -1.383467404172840087e-01 -2.158988856425607672e-01 6.767974617317810970e-02 -1.338092763795148077e+00 -1.823077556461269733e-01 -1.718007375218397748e-01 -1.906335546752206067e+00 -2.089084986505612029e+00 -2.511943560951185983e+00 1.849343156778500141e-01 -9.217310285118079927e-02 -5.118796611220861881e-02
2.121609792435561914e+00 8.844999493036358018e+00 -1.035273202709235951e+00 -1.243999297955995953e+00 -4.647946428598659807e+00 3.713777616640821844e+00 1.324098780150265942e+00 -1.455278245609705978e+00 -3.664155141781210157e-01 -1.178398290625278094e-01 -1.768793346581934087e-02 -1.659762097945570170e-01 2.169399610716272186e-01 7.731954120263939689e-02 1.560544830927084181e-01 -1.334913698440419960e+00 -7.397573299474100028e-02 4.338299652961610242e-01 -8.631755003250038971e-01 -2.720100630858950375e+00 -2.754238185267054106e+00 -1.027202078735127977e-01 -7.330062711119629364e-03 1.824104691927498634e-02
2.812823483073431774e+00 -1.034805850699751950e+00 7.850710472084720060e+00 7.360319086398220412e-01 3.914381646679732096e+00 -4.119258460207880113e+00 -7.485806217662920314e-01 1.844142201861931896e-01 6.215288733087259709e-01 1.434842274623995828e-01 7.600262148672021212e-02 -6.354287179544202552e-03 6.794671482830340337e-02 -1.557413728863037972e-01 -9.865937049024012251e-04 -9.075757038355181106e-01 3.088390002156715664e-01 6.764471352034440166e-01 -2.218190388950813663e+00 -3.244117656841178032e+00 -5.014793253204819834e+00 1.140603805486682110e-01 -4.897260814108479743e-02 -7.293886299707404153e-03
-8.741032802580520622e-01 -1.242602940520348032e+00 7.371893440928479757e-01 6.042933047399520419e+00 -1.695172903180077961e+00 -3.406095870909951806e+00 -3.604026039416834415e+00 2.992755449373931675e+00 2.973814837152970014e+00 -1.461973435821473988e+00 7.746830451508779358e-02 -5.267394233914179935e-01 1.854101547925486038e-01 1.030152851830458127e-01 1.140450817346568002e-01 -2.759685614241259638e-04 -3.333549522608502125e-01 2.852154245694346266e-02 -2.032017307203025924e-01 -1.558952853011459916e-01 1.742394257182577899e-01 -8.476274741399880686e-02 2.537870421903568041e-01 -9.497493685430501154e-02
2.869651564443986141e-02 -4.647651371342240267e+00 3.916098079320870173e+00 -1.694388237505270123e+00 8.843595736504079596e+00 -1.643187118335543984e+00 1.675298577108387921e+00 -2.718912964725824111e+00 -2.349669830184069941e+00 1.133801371629882038e+00 -7.381396131823539375e-02 8.269136102313719983e-01 9.215941091779158989e-02 -7.491805870028006055e-03 4.931674479782706400e-02 1.639133691311807917e-01 -1.767133725523441917e-02 -1.212076660049392074e-01 -1.144786155390165927e+00 -1.455183143070656104e+00 -7.591574109397420944e-01 -2.546948515362462140e-01 7.712884707813040530e-02 8.089359111422714244e-02
3.240308891884976505e-01 3.712279054259978395e+00 -4.118739593504219698e+00 -3.404446803507090280e+00 -1.642822178236990283e+00 5.820387516511360104e+00 2.680114595255326027e+00 -2.435032399830100225e+00 -3.319905976809409687e+00 2.092670392240814081e-01 3.506234207621392041e-01 8.011332402128699126e-01 -5.139733559556160236e-02 -1.841956858267860056e-02 -7.426753579120204396e-03 -1.414630222156563755e-01 -2.868986304626380129e-02 -4.442253988062257880e-02 4.793183095139380012e-01 1.432909265930537857e-01 9.231586226343679868e-01 -9.542367186353320485e-02 -8.122939191913960966e-02 -5.418451558521486522e-02
9.841848131394140275e-02 1.323794622936236065e+00 -7.488080791654581070e-01 -3.604553094434283622e+00 1.675604231064474092e+00 2.680459441459163816e+00 8.377096535217219753e+00 -2.422126959740426244e+00 1.593826532320840039e+00 -3.439079691173206221e+00 6.038860851142640040e-01 -3.742005441314358194e+00 -3.681292461352644180e-02 1.178846327877992040e-01 1.433960373964580093e-01 -7.544201336217720710e-03 8.438444760341959339e-02 -3.340317387573523561e-02 7.470208276638459766e-02 -2.493372121709500067e-01 -1.042548817158287927e-01 -1.462227187740313905e+00 -1.134089847594816014e+00 2.107895648949200118e-01
1.037003055139955887e-01 -1.455490422355002034e+00 1.860212909734479947e-01 2.992946293064512098e+00 -2.717955468335779834e+00 -2.436974056856993975e+00 -2.422538697614817771e+00 4.979209092615359822e+00 2.926707666495151905e+00 -6.025789829328159763e-01 -7.891791058059579589e-01 -3.057087477635559436e-01 -3.257833346780382167e-01 -1.891549984302374338e-02 -7.637026024141319036e-02 1.105017530688864047e-01 1.898569141304097818e-01 -6.617684496022468998e-02 2.213264344576200138e-01 -1.136079224483746153e-01 1.218295671798202001e-01 -7.757377087934419491e-02 -7.391758795763100909e-02 -3.493286148262320090e-01
-4.448425163354560175e-01 -3.650421527516909959e-01 6.218993684515179421e-01 2.971505276708661825e+00 -2.349202780075036134e+00 -3.320364262403701971e+00 1.593802687165120080e+00 2.925386880531822165e+00 7.354195393631281163e+00 -3.740642792503300118e+00 3.047770453076361630e-01 -5.415451483440019587e+00 -2.565840516171830066e-02 1.663650914757507926e-01 -6.409608067342795201e-03 3.510682313477214017e-02 9.688530454224220101e-02 -1.227689930466564078e-02 1.357590894270115922e-01 4.711016299781498051e-02 -2.264811517647109806e-02 -5.250301624350919294e-01 -8.262795520285360906e-01 8.010556063094099732e-01
-3.681231388884891736e-02 -1.178827621357055877e-01 1.433964761363061835e-01 -1.462225491543543976e+00 1.134096500429748078e+00 2.107895408115895985e-01 -3.439078375564439849e+00 -6.038785565029960445e-01 -3.742001548071610006e+00 8.377117448177319403e+00 2.422111796035744113e+00 1.593809730261256163e+00 9.841433461921819670e-02 -1.323796897610281853e+00 -7.488081781438260531e-01 7.470211722469480287e-02 2.493353295677548098e-01 -1.042552189720356015e-01 -7.544832350181179641e-03 -8.438466620993459455e-02 -3.340292693000004171e-02 -3.604572886674215937e+00 -1.675600743574330087e+00 2.680472124908321874e+00
3.257833647350174000e-01 -1.891622815433630089e-02 7.636989679312874979e-02 7.757922152370259894e-02 -7.392182985180639765e-02 3.493281639168690500e-01 6.025879615109659415e-01 -7.891793445456460887e-01 3.057215911958843790e-01 2.422526448469529914e+00 4.979186873564040106e+00 -2.926713544358126029e+00 -1.037071511093136111e-01 -1.455484398218497955e+00 -1.860172353259681999e-01 -2.213271557497814013e-01 -1.136081119953087915e-01 -1.218291735393138009e-01 -1.105009126750177983e-01 1.898577052318727865e-01 6.617685079289202521e-02 -2.992941776705099866e+00 -2.717934666030307866e+00 2.436963450524634034e+00
-2.566094274895050140e-02 -1.663610516077294044e-01 -6.409897358791400573e-03 -5.250216346033199644e-01 8.262795803882859724e-01 8.010546026495880545e-01 -3.740647412782052150e+00 -3.047664076556023671e-01 -5.415450685654960239e+00 1.593785881856498055e+00 -2.925390639772672330e+00 7.354199831658139175e+00 -4.448429646357699996e-01 3.650410320174923839e-01 6.218986905125740705e-01 1.357584677819015928e-01 -4.711094355551062596e-02 -2.264794466042921797e-02 3.510627146109618346e-02 -9.688527718626080421e-02 -1.227710756196770392e-02 2.971522333670596261e+00 2.349193707371999729e+00 -3.320367489584178156e+00
-1.383468398587993919e-01 2.158997258503694283e-01 6.767906572968947210e-02 1.849354647070514113e-01 9.217208632848780669e-02 -5.118814496599508046e-02 -3.788766277144759581e-02 -3.257792779896220292e-01 -2.600507123709466101e-02 9.833528770361460447e-02 -1.038022639666449920e-01 -4.436767015224639676e-01 4.010637034536340018e+00 -2.121838911103876235e+00 2.814177117745741974e+00 -1.906324029917376262e+00 2.089081043321524334e+00 -2.511933489132354147e+00 -1.338087446483536169e+00 1.823136497715271975e-01 -1.718030481088846095e-01 -8.732618079158580571e-01 -2.804605221176662000e-02 3.227502714913622062e-01
-2.169390442804984276e-01 7.731932949083079876e-02 -1.560546789166190051e-01 1.027193071622033993e-01 -7.330756844347968183e-03 -1.824085717295460124e-02 1.178400396702361935e-01 -1.768673513484474158e-02 1.659761323606047945e-01 -1.324105503504581893e+00 -1.455272164536695945e+00 3.664186330120585700e-01 -2.121588844687080311e+00 8.845016532331580805e+00 1.035258847417781958e+00 8.631717046429299156e-01 -2.720110634451394116e+00 2.754248398682926258e+00 1.334918457548029957e+00 -7.398238118456820778e-02 -4.338290525189625879e-01 1.243983883448761985e+00 -4.647953189670559482e+00 -3.713777422864834143e+00
6.794713097264820645e-02 1.557405843005720270e-01 -9.865237137344010088e-04 1.140603395229787959e-01 4.897247107798879950e-02 -7.293809971526399316e-03 1.434838889309681953e-01 -7.600333965380440260e-02 -6.354643726578797225e-03 -7.485806385954799635e-01 -1.844096603073174245e-01 6.215286667686139577e-01 2.812830035069340262e+00 1.034792174815346133e+00 7.850709252930459847e+00 -2.218177806942616126e+00 3.244126025735264207e+00 -5.014796612728120273e+00 -9.075777728303480174e-01 -3.088349256267808318e-01 6.764474586247719579e-01 7.360148238725099379e-01 -3.914383330341268064e+00 -4.119253788183880438e+00
-1.336960985434798133e+00 -1.334556615132076018e+00 -9.089172445942980127e-01 1.021277500922580447e-03 1.640176363699339945e-01 -1.414711911557013924e-01 -7.597087368214834255e-03 1.103629945802356016e-01 3.498846712269106096e-02 7.458950985249999943e-02 -2.222522980760295863e-01 1.358355288190233878e-01 -1.907640303856355857e+00 8.630691175760100142e-01 -2.218478680716911899e+00 9.216882349674140329e+00 -1.394465099320549850e+00 -9.854219410991900130e-01 -5.836819660525760511e+00 6.686167289766560273e-01 3.603804491034985791e+00 -2.034750998424370017e-01 1.145207535025821954e+00 4.796605705894020355e-01
-1.821615781523192035e-01 -7.393309541200340784e-02 3.080205364981222216e-01 -3.332589403692753915e-01 -1.860210795160913838e-02 -2.851453676629588097e-02 8.451120975014919656e-02 1.897047349196404054e-01 9.743941131798580790e-02 2.483321499680856137e-01 -1.134343302955650029e-01 -4.709565621744007946e-02 2.088426970236453961e+00 -2.719459976363044262e+00 3.246151080171878256e+00 -1.394314358912807972e+00 4.981228619488859977e+00 -3.534823766910198284e+00 -6.678879350614820298e-01 -7.899157432408699941e-01 1.035499983277050062e-01 1.563524825411942154e-01 -1.455588101145405933e+00 -1.447270664217565894e-01
-1.729839407839783849e-01 4.338443785792099883e-01 6.755872369757580653e-01 2.816587502583790120e-02 -1.215933165554083928e-01 -4.409914033661485600e-02 -3.317582284840255719e-02 -6.602962911358199738e-02 -1.237437288061499913e-02 -1.042739438418617964e-01 -1.225958846300719968e-01 -2.278816214766746229e-02 -2.509805649283046058e+00 2.753911565496224068e+00 -5.014744877055479222e+00 -9.850943173833299760e-01 -3.533111045502651759e+00 6.510653018767279754e+00 3.602143753419635885e+00 -1.020563341846442013e-01 -3.016076018598695896e+00 1.750240456951434043e-01 7.576302659109239723e-01 9.238423152760200097e-01
-1.907651887385739986e+00 -8.630725406582679948e-01 -2.218491022929765855e+00 -2.034804960822258202e-01 -1.145212671630102097e+00 4.796615882183979940e-01 7.458942949938020262e-02 2.222513831020817843e-01 1.358357808841265946e-01 -7.597917238504508716e-03 -1.103621646155431846e-01 3.498827356385594139e-02 -1.336954661331865912e+00 1.334561183115434035e+00 -9.089194894135519398e-01 -5.836819572243660659e+00 -6.685941949438780618e-01 3.603804624068501994e+00 9.216893140844280907e+00 1.394446586921171960e+00 -9.854087390317359807e-01 1.021963938353760010e-03 -1.640175812908976072e-01 -1.414710153598305875e-01
-2.088431107985059931e+00 -2.719450256436640068e+00 -3.246142537465956046e+00 -1.563573626201498201e-01 -1.455582412732606024e+00 1.447265434064217982e-01 -2.483327525619472009e-01 -1.134343975948678002e-01 4.709504465130357614e-02 -8.451029474766380556e-02 1.897053579267960199e-01 -9.743967640241420203e-02 1.821666957755987970e-01 -7.393982781220280465e-02 -3.080165703462607873e-01 6.679103449190599839e-01 -7.899154449248020349e-01 -1.035656059811580071e-01 1.394295767781330131e+00 4.981219785553300028e+00 3.534827591593684204e+00 3.332587094388330118e-01 -1.860280397898543894e-02 2.851521054437899938e-02
-2.509815147859888018e+00 -2.753901882529210088e+00 -5.014741252474539834e+00 1.750209607140323920e-01 -7.576295464640159238e-01 9.238426300752939913e-01 -1.042733707635342122e-01 1.225964257472393903e-01 -2.278817318374123935e-02 -3.317524550549529744e-02 6.602962294780739816e-02 -1.237434822253639932e-02 -1.729858248798522014e-01 -4.338435821465760345e-01 6.755877746923459881e-01 3.602143667984917919e+00 1.020402595630510029e-01 -3.016075983645734038e+00 -9.850811089862498982e-01 3.533115203309461716e+00 6.510648652268159253e+00 2.816606929606715881e-02 1.215934995722424000e-01 -4.409929950925293995e-02
1.854091269842109979e-01 -1.030160645184398094e-01 1.140446653888567974e-01 -8.476279234166059218e-02 -2.537866893513338051e-01 -9.497510142048026793e-02 -1.461978670564021865e+00 -7.746296600065499804e-02 -5.267426973683819735e-01 -3.604045532530784079e+00 -2.992750184846622030e+00 2.973826764998691807e+00 -8.740988541561880432e-01 1.242586989594149927e+00 7.371730477437360429e-01 -2.031963415311331955e-01 1.558908598346921970e-01 1.742422933010245867e-01 -2.747092429779098618e-04 3.333546499568390553e-01 2.852194627818151890e-02 6.042947773382559618e+00 1.695183405331369908e+00 -3.406090918921627964e+00
-9.216005611824820698e-02 -7.491271335391901619e-03 -4.931732031503481550e-02 2.546955613357297921e-01 7.712889468602879273e-02 -8.089338069903545536e-02 -1.133795776517025899e+00 -7.380984362789740072e-02 -8.269108188672339432e-01 -1.675294516238780007e+00 -2.718892096844736095e+00 2.349658050010388077e+00 -2.871250801861290058e-02 -4.647658302276360232e+00 -3.916099863580887686e+00 1.144781744219363961e+00 -1.455187898529040069e+00 7.591582640130979387e-01 -1.639133227468589915e-01 -1.767221322096921426e-02 1.212075565823216017e-01 1.694398874084436013e+00 8.843582731148380560e+00 1.643197512856384268e+00
-5.139721464926899630e-02 1.841980559894693809e-02 -7.426770014830396532e-03 -9.542351058257658725e-02 8.122957938527859689e-02 -5.418468878313149883e-02 2.092661588219841828e-01 -3.506238691764134163e-01 8.011340198531660128e-01 2.680126141516599780e+00 2.435021536567791856e+00 -3.319908645759185983e+00 3.240154044587698068e-01 -3.712279359700540127e+00 -4.118735376093679790e+00 4.793172427582379491e-01 -1.432911931012793849e-01 9.231582961177779989e-01 -1.414628159623572135e-01 2.869045501747172211e-02 -4.442254397439827918e-02 -3.404441406361390143e+00 1.642833045408743864e+00 5.820385708654280066e+00
