-1.673705632765209728e-01 -2.175574563824389518e-01 5.760006439782000987e-04 -2.787733348727576277e-01 9.670760521188132008e-02 9.586302059626392036e-02 2.795096570650231205e-01 -2.514978197364645118e-01 8.947601922784116646e-02 -2.481541393388728978e-01 2.114475103585321536e-01 -2.380825657778035120e-01 3.186568998316459123e-01 -3.225192090850083626e-01 3.849537028641660252e-01 1.946103084582674336e-01 1.335508565934735992e-01 1.515643272832244426e-01 1.103824828362250654e-01 -1.969322950136294659e-01 -1.605628374888014992e-02 -9.835750034077211934e-02 1.309355196210766625e-01 7.462287598485599360e-02
6.443390683003721517e-04 4.185062042246959864e-05 3.535366919041837419e-01 -9.592915788518703005e-05 3.281420467052147960e-01 9.333522160201412898e-02 -5.990951542041333261e-02 1.296227816298403668e-01 -2.771856499013113928e-01 -1.112304217835770603e-01 1.949666948344724315e-01 1.951556826763994335e-01 -1.246642001155231216e-01 1.351124431489385824e-01 -2.022962005330647406e-01 3.356319871329588311e-03 3.268212238233618172e-01 4.218367234345787864e-01 1.463548519512134771e-01 -2.116695472660562183e-01 -3.099196711260555070e-01 1.557931328203172594e-01 1.553943955888862083e-01 -5.241095663633705409e-02
4.234134950463848690e-01 -2.787922249572775124e-01 -1.105350111890636465e-03 2.174706672145541031e-01 1.158656999932898696e-01 -1.399428730750148508e-01 -2.079101644866978293e-01 2.119786548483160449e-01 2.002773426188061423e-01 -2.260211421833593914e-01 -8.780741875162460797e-02 2.545846708707943384e-01 -8.901189474420596881e-02 -5.145960949933337664e-02 1.375820100455537598e-01 6.270122333716793284e-02 2.122083691819848239e-02 -1.944145993976352169e-02 1.228441029400528656e-01 -2.031875693431585694e-01 1.703338872666610437e-01 -3.810054501720416265e-01 1.726964880941184721e-01 3.408404182124923909e-01
2.745737636675237708e-02 -2.175660465180379310e-01 5.953891512775748594e-05 -2.786573484062074835e-01 -9.714659698075583938e-02 -9.616068297397620257e-02 -2.011407238678994125e-01 -1.728560375729391030e-01 -1.477391382108284301e-01 -3.060058892308493705e-01 -1.734080907882386557e-01 -1.471922377738036913e-01 2.753138689722233190e-01 3.226334630948095028e-01 -4.086646363969055340e-01 2.052358691518867684e-01 1.334652593454579705e-01 1.378152824016460887e-01 -1.434060855522593936e-01 2.508729281614741069e-01 3.850739147719960120e-02 -2.104557017292389975e-01 -1.775032308371011502e-01 1.772813218139560332e-01
-1.386857792988088788e-04 1.118204123846919837e-04 3.535372193159956322e-01 7.688776833158231794e-06 2.221911489024515074e-01 2.588053853564317164e-01 -6.009112738346102101e-02 -1.294003485669971143e-01 -2.770733112246209218e-01 1.113642466577739187e-01 1.952360554397977455e-01 -1.947862255762256023e-01 1.243567593883866951e-01 1.352770930908649971e-01 -2.024253508510648614e-01 -3.317948128961122414e-03 -3.269284169217328007e-01 -4.217266717104336538e-01 1.473089953455991863e-01 -2.107258742921877537e-01 3.090143233068473050e-01 -1.567714144948503807e-01 1.572498746751409271e-01 5.185923712249322637e-02
4.529138226433826464e-01 -2.787134219659159196e-01 -1.184858858652091057e-03 2.176969469734965357e-01 -1.156144591515883557e-01 1.429103447134913996e-01 -2.845975311782992234e-01 -2.799029277483054967e-01 1.626251665258665047e-01 1.376307113189394471e-01 -1.486075502601730547e-01 -3.162613198472220555e-01 1.837013715885591758e-01 5.148175457334921989e-02 1.109052164884568106e-02 1.028254837802472944e-03 2.131155791091800603e-02 6.570951867147914460e-02 8.268370849580002069e-02 -1.333445860249279080e-01 -1.676082521017777938e-01 3.309627604027999270e-01 1.219452300829787506e-01 -3.012624140158520758e-01
-1.249056775717621859e-01 -2.175141947232598627e-01 4.477493099790540881e-04 -2.785807206481539233e-01 -2.343265744469819889e-01 -2.329731676503450089e-01 -9.843650195238995426e-02 1.673686177734235725e-01 -2.448301767861195688e-01 -1.386142525559249383e-01 -2.380122008353128815e-01 1.737051115571865978e-01 1.447160786648251096e-01 -1.337432078682336545e-01 -8.086040183272224721e-03 -1.883099570772688025e-01 -3.223316826438801241e-01 -1.607115216728444707e-01 4.097449208699785461e-01 -2.356398882709843656e-01 -2.788117208621162524e-01 1.776307026728908278e-01 -9.909707706536433069e-02 2.106852071224534721e-03
1.150358900634078580e-03 5.086843908588755764e-05 3.535662505037050485e-01 8.019143890431661313e-06 1.669114170379747131e-01 -9.825837390518791375e-03 -2.431968474588320217e-01 2.149470525347495775e-01 -1.196964821284944996e-01 2.806993371914347501e-01 -1.947434865707136087e-01 -1.953286110663992881e-01 3.008902220149657358e-01 -3.262360238197478668e-01 2.021034005309724213e-01 -4.018792817282060281e-01 1.353520489845347619e-01 1.283815836293292212e-01 -1.470126877400832199e-01 2.270280840410546230e-01 -1.013245406680781530e-02 -1.560258916991737188e-01 -1.562602794797554040e-01 1.278706074428463402e-01
1.646925333191249508e-01 -2.785923140426766476e-01 -4.626827790606030969e-04 2.178328066734660506e-01 -2.793109348748736842e-01 3.420901099262453893e-01 2.365358826886252430e-01 -2.260703780442968602e-01 -2.250045691963968308e-01 1.644274587367634821e-01 2.547574078828447885e-01 1.490845757406163152e-01 -1.169364934846499338e-01 -2.127628856498443854e-02 3.030384545097121463e-02 -1.062128429269201535e-01 -5.106993898114881719e-02 7.968298100466703060e-02 1.081901178696117322e-01 1.352125518253793068e-01 -2.150182360150899030e-01 -1.222042666323648608e-01 -3.806965248640937771e-01 3.309911428687333235e-01
1.265344357772557327e-01 -2.175354446944110787e-01 -1.706608345740945343e-04 -2.785632948894852801e-01 -2.343182076126217039e-01 -2.321027062849391476e-01 -9.868548062178436608e-02 -1.672210145776490131e-01 -2.446835606780642658e-01 1.388736593307773326e-01 2.378432585599087046e-01 1.739340331406488138e-01 -1.447159672548304910e-01 -1.337426211371545159e-01 7.969924595396948516e-03 -1.883131416864069485e-01 3.223318047440663636e-01 -1.614278833115922462e-01 -4.094627189010479063e-01 -2.353569526248776300e-01 2.790610953770656932e-01 1.774136893416204952e-01 9.946540317781968343e-02 -2.107499630045981624e-03
1.093814202392823015e-03 5.262836076309601038e-05 3.535662175179306588e-01 2.687253335007636665e-04 -1.669112626008174838e-01 9.828227718499399010e-03 2.435177153886438350e-01 2.145843281468474972e-01 1.199939322391930241e-01 2.805720980368388018e-01 -1.949345105537123868e-01 1.951435415752612312e-01 3.008857704896478746e-01 3.262383614939325938e-01 2.023525572655240357e-01 4.017546758114765582e-01 1.353504000417182218e-01 -1.286380726271225128e-01 -1.467853735821849914e-01 -2.270335260647224074e-01 -9.893438991148103753e-03 1.563570973144609022e-01 -1.559361721024343228e-01 1.278687431112513484e-01
-1.671126554845159817e-01 -2.785643518544480002e-01 3.795483173875271814e-04 2.178098806698132162e-01 -2.793226285871299730e-01 3.409414200599739653e-01 2.368730719554318076e-01 2.257169070475809614e-01 -2.251778377275848730e-01 -1.641903564247227110e-01 -2.549014862803332671e-01 1.488392382842367578e-01 1.169357015746942119e-01 -2.127618561629296412e-02 -3.037016567086834457e-02 -1.061947754478204664e-01 5.107023258231770113e-02 7.949373980669344197e-02 -1.083299089204677740e-01 1.354250330975590999e-01 2.148744396431157000e-01 -1.230175051972132311e-01 3.804410127842244305e-01 -3.309904220821127119e-01
1.666993099874810313e-01 -2.175860460384053396e-01 -2.922632748385245146e-04 -2.787499108280447890e-01 9.671804311211469607e-02 9.701812203061549456e-02 2.798853487505425508e-01 2.510811692900769554e-01 8.973861972765766193e-02 2.480588720160336880e-01 -2.112156937653646427e-01 -2.382926263597820449e-01 -3.186517083073539536e-01 -3.225222402699711166e-01 -3.848332761526094270e-01 1.948488732636125542e-01 -1.335483353324866673e-01 1.513689060081509496e-01 -1.106457285861004863e-01 -1.969108921492019881e-01 1.625521539539561897e-02 -9.808205800512846684e-02 -1.311499931145711229e-01 -7.462549056531131431e-02
1.312540224518287486e-03 6.085623999889358993e-05 3.535344931002190605e-01 3.731977095051113177e-04 -3.281425416928180905e-01 -9.333599415590207449e-02 6.010192906074143804e-02 1.295316552923277409e-01 2.770675436079445553e-01 -1.115238508444732213e-01 1.951563095252869251e-01 -1.949675498352140268e-01 -1.246604918372435783e-01 -1.351116016168862621e-01 -2.022960504086343814e-01 -3.231497127546809327e-03 3.268214841857423614e-01 -4.215824534229277720e-01 1.470926523617133441e-01 2.113463578955946942e-01 -3.101411367951148468e-01 -1.561116896256101727e-01 1.550722921728268089e-01 -5.240657308570548928e-02
-4.225205147969823272e-01 -2.787212024213883699e-01 1.013774877222334107e-03 2.174123880695815192e-01 1.158359081964998594e-01 -1.428699197950970279e-01 -2.082256288231518204e-01 -2.116682631974323159e-01 2.005153880684543144e-01 2.258099970684580848e-01 8.756097182223827879e-02 2.546705497860721201e-01 8.900964869251312694e-02 -5.145923267119362904e-02 -1.375430657863098982e-01 6.278666419600807680e-02 -2.121877578125542715e-02 -1.965956387221898249e-02 -1.228085341603209063e-01 -2.033558723143216451e-01 -1.701342902987326156e-01 -3.806338569286974449e-01 -1.735105349808345188e-01 -3.408415733886361876e-01
-6.893819608567011703e-02 -2.175116603331650467e-01 3.064997035387652304e-04 -2.788164633503931178e-01 2.338062918639849386e-01 2.325309462536391258e-01 1.978990757790582630e-02 -8.860432365724656145e-02 3.027537051423897507e-01 8.072213897460925325e-02 -1.471555507248459294e-01 2.114548065168797841e-01 -1.011110182874288693e-01 1.336346855089316221e-01 1.549091179606422236e-03 -2.115967852624792145e-01 3.224576218295135410e-01 -1.280032816249649097e-01 4.232184408636253670e-01 1.817434873770978343e-01 3.330700358560036434e-01 1.315721731834083308e-01 -2.105331711515607551e-01 -1.036275432058306467e-01
1.235508347587187293e-03 4.489129083954368618e-05 3.535709874912608686e-01 1.437126241741535748e-04 -6.105968035423525730e-02 -1.556279107298051412e-01 2.431877643637153641e-01 -2.150756081462710245e-01 1.198741631166784227e-01 -2.805324641238671757e-01 -1.952491310435469918e-01 -1.947336656948915334e-01 -3.005773925698059235e-01 3.270360173335823961e-01 2.022988261475952843e-01 -4.016679896440571995e-01 -1.352441515139058137e-01 1.281682520059089780e-01 -1.468389771656561649e-01 -2.263752068595919764e-01 1.125159170059592678e-02 -1.566629017030549686e-01 -1.567185744438430728e-01 -1.273215550407084673e-01
-1.960399111955615226e-01 -2.787779449693477685e-01 4.500750319389406175e-04 2.172355003672792606e-01 2.796212647938972062e-01 -3.420907101384179083e-01 2.555678480500892524e-01 -2.664143843236952969e-01 -1.378569557451283234e-01 1.994949892336012887e-01 -3.161898471868541671e-01 -8.755388456632248739e-02 -1.557793236161842954e-01 2.128012761462434732e-02 -3.150830483593687614e-02 4.236034851574969201e-02 5.153797382931772642e-02 -1.256961855708688403e-01 2.421889759821525129e-02 2.011330132190096986e-01 -1.200111947568923837e-01 1.719915596050729523e-01 3.315793431331409136e-01 3.126931430299424997e-01
6.731304161906105643e-02 -2.175229254082867436e-01 -2.005895307460721120e-05 -2.788072068803629788e-01 2.338111318189767807e-01 2.330029337699256742e-01 1.992115140147154850e-02 8.857401190544279823e-02 3.026683073530522794e-01 -8.104247802589033267e-02 1.469497334205174255e-01 2.115989980931487213e-01 1.011052206907677303e-01 1.336344265320412172e-01 -1.679760629399398462e-03 -2.115943710968507252e-01 -3.224592666656564410e-01 -1.287444720063776749e-01 -4.229955272788491483e-01 1.813889987104743418e-01 -3.332535753930153666e-01 1.311337549853782980e-01 2.108173700331887335e-01 1.036291738271200441e-01
1.531930984919809371e-04 5.764581767466007831e-05 3.535739621989423820e-01 1.337025929179844327e-04 6.105913053575420801e-02 1.556248717381255309e-01 -2.435083028494208768e-01 -2.147121623828915360e-01 -1.201720393028626321e-01 -2.804057172046739987e-01 -1.954382333599901100e-01 1.945397093377375930e-01 -3.005794272195190242e-01 -3.270385541098672633e-01 2.025481406565121378e-01 4.015427640440796253e-01 -1.352445317220606624e-01 -1.284248659123653491e-01 -1.466144628578941456e-01 2.263909170103871882e-01 1.102345355184653451e-02 1.569926629011899610e-01 -1.563788360307233061e-01 -1.273193549629299814e-01
1.983073128097660731e-01 -2.788107460207103760e-01 -5.451199992635765573e-04 2.172624349598327176e-01 2.796347728603457705e-01 -3.407261617965849920e-01 2.559645735060596117e-01 2.660321127737050317e-01 -1.380665810509343061e-01 -1.993491689321786886e-01 3.162744117470780436e-01 -8.724519876826578035e-02 1.557820744563584991e-01 2.128142302865274407e-02 3.153467468984708783e-02 4.234111360712310146e-02 -5.153934261462939787e-02 -1.257405421351250607e-01 -2.400007309055185792e-02 2.012707050062670366e-01 1.198086220931826457e-01 1.726904788274844782e-01 -3.312070543001139344e-01 -3.126910229092859650e-01
-2.678218226973214794e-02 -2.175619560687430953e-01 2.203092238738703639e-04 -2.786607278228406814e-01 -9.714936603814573746e-02 -9.634984858011814979e-02 -2.008815296416320284e-01 1.731554449043818389e-01 -1.474158734052562481e-01 3.061621496304379741e-01 1.735509557889944598e-01 -1.470266673863982465e-01 -2.753132817099654961e-01 3.226315413406731225e-01 4.087909435857848273e-01 2.049819726241933759e-01 -1.334662522830970255e-01 1.380676846182964934e-01 1.431642829997104849e-01 2.508297517498801477e-01 -3.877214997709430011e-02 -2.108306854415284148e-01 1.770651985907791548e-01 -1.772796941409149618e-01
1.667853985473929847e-03 -8.618920588304366371e-06 3.535320919196301426e-01 2.692149425629082994e-04 -2.221911389274401349e-01 -2.588059818645942478e-01 5.989832916001622959e-02 -1.294910932288444172e-01 2.771918149936956066e-01 1.110706215656732526e-01 1.950469866217401926e-01 1.949771287027399214e-01 1.243555407806936630e-01 -1.352777418067726001e-01 -2.024250963420546889e-01 3.442995516447762503e-03 -3.269282768426413632e-01 4.219855660695064903e-01 1.465685789804968830e-01 2.110387926903071198e-01 3.087988215928268443e-01 1.564289910230665936e-01 1.575870204557662524e-01 5.185973758952990703e-02
-4.539615730469843125e-01 -2.786378875854730874e-01 1.098222273764224875e-03 2.176349138624931456e-01 -1.156462918933818668e-01 1.397714039425401178e-01 -2.841778002012739224e-01 2.803279576806114171e-01 1.624788831548882595e-01 -1.378022829572936314e-01 1.489134725316289820e-01 -3.161197952013529711e-01 -1.836980113204577381e-01 5.148109010919753314e-02 -1.108937135520465106e-02 1.034914807846783885e-03 -2.131245873238147084e-02 6.556644783425229217e-02 -8.279826968532866260e-02 -1.331702935136070409e-01 1.677550338225179405e-01 3.312156095668752354e-01 -1.212479453112197542e-01 3.012606724668785430e-01
