5.838551655126259732e+00 2.197104573805593652e+00 3.501901970784870421e+00 -1.453042391283842161e+00 6.021010465803427331e-04 4.553555505379491830e-01 3.352077373250359621e-02 3.022722862393379950e-01 -7.360232893236400287e-01 -6.298515356161403511e-03 5.513414009719560527e-01 -1.460638067233808318e-02 -2.174312644856424004e-01 -3.278095283866215848e-01 1.029539654204991994e-01 -2.094448248328032225e+00 -4.097482002164332116e-01 -3.962524855276926550e-01 -2.397715089540624067e+00 -2.146628732405171824e+00 -2.828214457498238410e+00 2.968630801355202076e-01 -1.671339010552397863e-01 -8.511487372140767727e-02
2.196848702606230219e+00 1.095488165714290041e+01 -1.330117242577745884e+00 -1.420577195114245850e+00 -5.319921588304640458e+00 4.351125629684819529e+00 1.812188588039476134e+00 -2.274061028147364105e+00 -4.546771168624400006e-01 -1.197439165416794016e-01 2.363936293552679896e-02 -2.243887157198479754e-01 3.282102985379687921e-01 2.280557772196965816e-01 2.163005919643541941e-01 -1.839429720818886116e+00 -2.279747019695964050e-01 6.219666179302960618e-01 -7.731971932669560177e-01 -3.333414188326381478e+00 -3.206355939417791845e+00 -1.842995634419095918e-01 -5.120529055014508280e-02 2.614617499836700137e-02
3.500804130155485971e+00 -1.328283612813335957e+00 1.021299363162824037e+01 8.853682315400019931e-01 4.573106234268619730e+00 -5.566159207073639870e+00 -1.096338270264471948e+00 1.831321584802731994e-01 9.807120969027259827e-01 2.147665456318351984e-01 1.140908238100086375e-01 -4.928136154204383612e-02 1.039552123457102017e-01 -2.167893259939919770e-01 -4.320581648117489959e-02 -1.264729140782423933e+00 4.861471906947759658e-01 1.061196967933113910e+00 -2.522948117449252514e+00 -3.729711603348469851e+00 -6.605254418997059673e+00 1.791214088231160018e-01 -8.169186509788879669e-02 8.998107629845993050e-03
-1.452849459923318154e+00 -1.419854375059041995e+00 8.872398012020559221e-01 8.323927884525378573e+00 -1.675919829843978137e+00 -4.115634938511440133e+00 -4.378889392050060003e+00 3.198726655713135969e+00 3.552988954238661901e+00 -2.280966410173477676e+00 2.382997216964690135e-01 -6.951185178417940147e-01 2.965500035749810137e-01 1.842366632498628198e-01 1.790252691845869992e-01 4.829021508176039451e-02 -5.593141547771820488e-01 4.644507013855758010e-02 -4.159226319256943416e-01 -3.441139371310846240e-01 2.796176473978013721e-01 -1.401402091095481917e-01 3.779392561518153948e-01 -1.345632858084273298e-01
1.890153851499994098e-04 -5.320184923358899809e+00 4.577115921714520752e+00 -1.676104414884025839e+00 1.095690433763254035e+01 -1.945169239629374047e+00 1.731104907467825971e+00 -3.335027817506842407e+00 -2.809196756207896328e+00 1.555491338290591941e+00 -2.278669880702183792e-01 1.162205815730104064e+00 1.668637911638362059e-01 -5.113518820228499934e-02 8.211451502589919849e-02 1.835024465268703942e-01 2.365560454130475818e-02 -1.761572760275291194e-01 -1.581928240090678006e+00 -2.274513239510506324e+00 -9.948549514289799500e-01 -3.791188438595687882e-01 2.281682144749118124e-01 1.039419708232474787e-01
4.572071275146480929e-01 4.349544050304240628e+00 -5.565830654280260248e+00 -4.112282743183420131e+00 -1.944032768673783718e+00 7.726589760957059738e+00 3.247580324815102060e+00 -2.882062514375450135e+00 -4.621214540144540805e+00 1.708265120549146143e-01 5.896450899027979586e-01 1.246523161679641944e+00 -8.476531089429878429e-02 -2.636113374631599005e-02 9.449185860278600663e-03 -1.824499277699984101e-01 -6.336262656452479325e-02 -1.040966812146307818e-01 6.380663276811679996e-01 7.902562580572980444e-02 1.429344669034765980e+00 -1.341823102181239902e-01 -1.023957226526897996e-01 -1.207649018923315221e-01
3.296386895845797999e-02 1.812218860904088125e+00 -1.096097875490662066e+00 -4.379705408052180005e+00 1.730730309888516061e+00 3.248153836402993822e+00 1.039669128082413962e+01 -2.565253663991145849e+00 1.883747890977033990e+00 -3.933064131980438027e+00 6.765646249993899630e-01 -4.247486367228019866e+00 -6.316859302802103893e-03 1.196528983798822166e-01 2.144398563909845901e-01 -5.016995943973100169e-02 1.549148016406853845e-01 -6.287958921514361088e-02 2.206420594179406003e-01 -3.736003433118242345e-01 -1.140997583431572066e-01 -2.281040850425365640e+00 -1.555227488509592249e+00 1.742220065059830181e-01
3.022890560327610165e-01 -2.274374989510647538e+00 1.854275019760445731e-01 3.199540728878186080e+00 -3.334719716483018015e+00 -2.883864789172430054e+00 -2.565890435971906136e+00 7.037550725104040339e+00 3.650198150168191713e+00 -6.764989567363759448e-01 -1.347789073667547965e+00 -3.258515462741826130e-01 -5.510197722785898922e-01 2.351058117564800570e-02 -1.143829578231490007e-01 1.967086078799399895e-01 3.045429178545325799e-01 -1.026737796094926158e-01 3.331658448404548056e-01 -1.815941731090016109e-01 1.795344081476570042e-01 -2.382950726444719725e-01 -2.271262713640118114e-01 -5.883869874126379518e-01
-7.375170672828060825e-01 -4.524069275133751900e-01 9.799038002414020010e-01 3.549644782045620062e+00 -2.806602102837650214e+00 -4.621499525439240585e+00 1.884208659162446065e+00 3.647877696860458041e+00 9.582308589051759640e+00 -4.244683769591819811e+00 3.228385411964450058e-01 -7.067624787405620168e+00 -1.417536771418758529e-02 2.254890001441857972e-01 -4.903691832843340426e-02 4.769914211480660166e-02 1.578865504318304192e-01 4.578925546517981227e-04 2.090057819052308086e-01 6.657691291232520348e-02 -7.206310773472759945e-02 -6.941821606392999389e-01 -1.161659671194222199e+00 1.247554057060213939e+00
-6.315506394631398984e-03 -1.196535258884185160e-01 2.144413006782367737e-01 -2.281033558398614325e+00 1.555236788521717983e+00 1.742209345802970266e-01 -3.933064246564804023e+00 -6.765599209117260093e-01 -4.247482717601299917e+00 1.039671916337836066e+01 2.565248760379180037e+00 1.883727248206910065e+00 3.295474169036440026e-02 -1.812229705495902010e+00 -1.096096525071935890e+00 2.206428372794078108e-01 3.735976926708379775e-01 -1.141001066665661978e-01 -5.017089180794060549e-02 -1.549134623196278260e-01 -6.287944107237680713e-02 -4.379732539182139561e+00 -1.730726626956061942e+00 3.248169306946744328e+00
5.510199072044500435e-01 2.350895494666179614e-02 1.143811432134609896e-01 2.383026603038573832e-01 -2.271313395689436021e-01 5.883884229001019595e-01 6.765032838249500635e-01 -1.347789121393160094e+00 3.258617778022958045e-01 2.565885090261116108e+00 7.037523881894419908e+00 -3.650203661290808199e+00 -3.022990850790158168e-01 -2.274365749048632424e+00 -1.854175812623304054e-01 -3.331680107434101812e-01 -1.815944804674657909e-01 -1.795355726299329713e-01 -1.967066648383831995e-01 3.045436771893933470e-01 1.026748155421816078e-01 -3.199537180933561764e+00 -3.334695823552268124e+00 2.883850655725030077e+00
-1.417832061397894527e-02 -2.254895071948285756e-01 -4.903612190695100237e-02 -6.941752067915399893e-01 1.161664267086280011e+00 1.247550867480371917e+00 -4.244687051268380529e+00 -3.228284013776517858e-01 -7.067624777488319410e+00 1.884188094115230028e+00 -3.647881373398015992e+00 9.582319508617779036e+00 -7.375162721707420044e-01 4.524109132666369604e-01 9.799021216856300676e-01 2.090062358314029867e-01 -6.657661571318840288e-02 -7.206213064155919668e-02 4.769978791455620204e-02 -1.578878157327104070e-01 4.570657593708088440e-04 3.549662732983450031e+00 2.806588533063477442e+00 -4.621506533506320125e+00
-2.174307641064736063e-01 3.278120233306591746e-01 1.029534479930298008e-01 2.968644975051606405e-01 1.671323329805189939e-01 -8.511487116701212108e-02 -6.299882011991400632e-03 -5.513414981691620032e-01 -1.460506880304919715e-02 3.351179935359040185e-02 -3.022830212524126314e-01 -7.360203513567920020e-01 5.838542938936800653e+00 -2.197093385226462026e+00 3.501921257712206526e+00 -2.397710456631697795e+00 2.146636817867565661e+00 -2.828211709807582075e+00 -2.094442898526911900e+00 4.097577121800900501e-01 -3.962560597445498600e-01 -1.453035234518477825e+00 -6.209817107963814392e-04 4.553333551737471785e-01
-3.282076642413965795e-01 2.280558736194772118e-01 -2.163016282707288240e-01 1.842983419256500055e-01 -5.120707362603395957e-02 -2.614569683143060097e-02 1.197437152059816073e-01 2.364101270648720499e-02 2.243893846574512019e-01 -1.812199280646970001e+00 -2.274051929177902220e+00 4.546813034446139934e-01 -2.196838887661652251e+00 1.095489946377626111e+01 1.330074673239953986e+00 7.732050137123780420e-01 -3.333442514074179464e+00 3.206380061710765617e+00 1.839440029277242150e+00 -2.279833364164186027e-01 -6.219646081083359812e-01 1.420558732428768067e+00 -5.319911496807680606e+00 -4.351113489842280302e+00
1.039471369740816026e-01 2.167932484377895763e-01 -4.320249089716349938e-02 1.791141689250869695e-01 8.169051721354959883e-02 8.992735915520799761e-03 2.147652534335928176e-01 -1.141017809465424970e-01 -4.927790248798105677e-02 -1.096333621276366133e+00 -1.831312578648229827e-01 9.807075345360241059e-01 3.500830973582138128e+00 1.328245672315074177e+00 1.021299054829957953e+01 -2.522942730351240392e+00 3.729742466147388136e+00 -6.605259719901740212e+00 -1.264734146168891904e+00 -4.861350261987559263e-01 1.061193145632552071e+00 8.853529648815999797e-01 -4.573103839103679569e+00 -5.566143851096780004e+00
-2.094219416268566114e+00 -1.839934278280550117e+00 -1.265938422686240017e+00 4.886749946521239812e-02 1.834743909257879890e-01 -1.824051485547491802e-01 -5.035685051096659703e-02 1.965824862615583868e-01 4.669547133628254576e-02 2.205958118236607812e-01 -3.339182772984256031e-01 2.097606548304711827e-01 -2.398334583080952154e+00 7.741038010730360019e-01 -2.523832299869019913e+00 1.142938388801652039e+01 -1.306411906914678012e+00 -1.276916971153958080e+00 -6.739071734541879799e+00 7.436400709280479582e-01 4.352641138867619830e+00 -4.168646149030340031e-01 1.582463713305223951e+00 6.399955772295859990e-01
-4.092875142700196367e-01 -2.272737875603478008e-01 4.852883105906580230e-01 -5.594089323419420001e-01 2.336908241393868130e-02 -6.252903279874061360e-02 1.551133904382264173e-01 3.043400346611991880e-01 1.584407459953824093e-01 3.723107585072027992e-01 -1.816889012803198089e-01 -6.729670097022839859e-02 2.146324540561024286e+00 -3.332612259983322112e+00 3.733600453553544085e+00 -1.305844249374354060e+00 7.034919493530579437e+00 -4.264898343024560390e+00 -7.440877799126019987e-01 -1.346560399521040008e+00 9.975133400188102017e-02 3.448797863924624174e-01 -2.274493262260685711e+00 -8.235676734793739850e-02
-4.000207652630257682e-01 6.205901682998040680e-01 1.060505607145452167e+00 4.619937113510379917e-02 -1.742152153761067912e-01 -1.040179210389647058e-01 -6.147140304821641088e-02 -1.023713178153435321e-01 5.521432275948194579e-04 -1.136548104451297753e-01 -1.801853603125847525e-01 -7.189653546073079826e-02 -2.826493745067361729e+00 3.207929870496843527e+00 -6.604915033984580575e+00 -1.273341564391289982e+00 -4.263960018719920697e+00 8.548168732616499454e+00 4.349208773923340487e+00 -9.996746296686040423e-02 -4.257470724668779738e+00 2.795741431565820223e-01 9.921793363941799893e-01 1.429073732163496091e+00
-2.398338778185626019e+00 -7.740956834585519530e-01 -2.523833491174683807e+00 -4.168718021699039933e-01 -1.582472095242533960e+00 6.399938531024319532e-01 2.205954696612796306e-01 3.339162865748582232e-01 2.097611098096072157e-01 -5.035823557126679895e-02 -1.965798497561191960e-01 4.669543679707371941e-02 -2.094212366094241773e+00 1.839943474021935810e+00 -1.265938393714220123e+00 -6.739072534243899959e+00 -7.436270567430760536e-01 4.352639086145299707e+00 1.142938976249534022e+01 1.306389511198736031e+00 -1.276911655882271956e+00 4.886848410833179862e-02 -1.834745865952444044e-01 -1.824059450832253848e-01
-2.146316368191508062e+00 -3.332583933973942258e+00 -3.733576903648926137e+00 -3.448873853134570289e-01 -2.274486876607817898e+00 8.235454643650627626e-02 -3.723130741388507858e-01 -1.816886440838302030e-01 6.729590615037439605e-02 -1.551118435033909948e-01 3.043407499118951920e-01 -1.584404569058915913e-01 4.092965371621103965e-01 -2.272825552480196021e-01 -4.852818736378839981e-01 7.441005427645519532e-01 -1.346560338874443818e+00 -9.976709116504660357e-02 1.305822980840823933e+00 7.034892537237940502e+00 4.264886915304639814e+00 5.594086103797220044e-01 2.336906163822411939e-02 6.252895746622508244e-02
-2.826484303930127950e+00 -3.207909046017314303e+00 -6.604909328691400461e+00 2.795824259333847817e-01 -9.921763361438400430e-01 1.429081005398066040e+00 -1.136532449311761089e-01 1.801956465334886848e-01 -7.190215312539480208e-02 -6.147597237696759975e-02 1.023842755601213211e-01 5.567180223344792012e-04 -4.000361649599591951e-01 -6.205941172265719841e-01 1.060510747851090008e+00 4.349206183397500425e+00 9.994212149927080013e-02 -4.257477525185299427e+00 -1.273332233913003986e+00 4.263937429234260890e+00 8.548165434845280686e+00 4.619331078035709970e-02 1.742200265605832188e-01 -1.040248991146861673e-01
2.965487885837072013e-01 -1.842381207405056065e-01 1.790245484272972032e-01 -1.401402997992692023e-01 -3.779373804525449909e-01 -1.345626173280664861e-01 -2.280973364968613915e+00 -2.382920747145015894e-01 -6.951239500583379360e-01 -4.378916023296159921e+00 -3.198723121010822013e+00 3.553006960262050207e+00 -1.452842510818546096e+00 1.419835915303852003e+00 8.872185103668459583e-01 -4.159154400559074150e-01 3.441066096540952302e-01 2.796201094890095606e-01 4.829120822890879683e-02 5.593139638611499542e-01 4.644645363094278279e-02 8.323947642125880009e+00 1.675934208099280065e+00 -4.115630014789740443e+00
-1.668657855339313878e-01 -5.113358437489459729e-02 -8.211457527673698964e-02 3.791205012735278101e-01 2.281683560168671909e-01 -1.039418694466151261e-01 -1.555482282663452009e+00 -2.278619081083023690e-01 -1.162202147716330014e+00 -1.731101114547672015e+00 -3.335003999250393925e+00 2.809184023505047811e+00 -2.067097941792009341e-04 -5.320174782198340502e+00 -4.577110224848239817e+00 1.581919869569015979e+00 -2.274519428887163741e+00 9.948572422025580009e-01 -1.835036819866258107e-01 2.365561683141445895e-02 1.761560782630819944e-01 1.676119203683315906e+00 1.095686972997081909e+01 1.945171473317224065e+00
-8.475874381896722487e-02 2.635689219789599802e-02 9.446140394490079931e-03 -1.341795114552626067e-01 1.024002221260865986e-01 -1.207602655255612945e-01 1.708308910797295965e-01 -5.896361221378759732e-01 1.246522450542444149e+00 3.247595691392637818e+00 2.882054961916681979e+00 -4.621217909560899173e+00 4.571768670665640188e-01 -4.349533857258659708e+00 -5.565816981437800237e+00 6.380657156259879059e-01 -7.903207372408199705e-02 1.429341401268374057e+00 -1.824468234381604048e-01 6.335657275340200734e-02 -1.040922103969147972e-01 -4.112284086452540066e+00 1.944033404126535913e+00 7.726577374715880353e+00
