2.260724926093018658e-02 -1.699745481644268086e-01 -1.351309755555188952e-01 3.087452593664531952e-01 1.687101868768093871e-01 3.274738770280625350e-02 -2.464222002104204112e-01 -2.813732512459526935e-01 -2.528602878564272238e-01 -9.341838292569178137e-02 2.373223531406931652e-01 -2.103680904894545955e-01 -3.150253481293053825e-01 3.223342448761465362e-01 -1.993382009435870350e-01 -3.806035637174726149e-01 1.336895789101076037e-01 -1.465371360435310244e-01 1.193935278821932622e-01 -1.932750321610731681e-01 -1.887655911465458553e-02 9.906853717249561320e-02 -1.332961471177776525e-01 -8.781058013689423125e-02
-1.163368217749802674e-01 -2.526774058948308755e-05 -3.216884569476084477e-01 -1.699458867238221316e-01 3.100522143952842424e-01 1.532217483403395272e-04 1.365051470902642616e-01 5.239558658932909341e-02 -1.094788794446233532e-01 2.785170037110237251e-01 -1.935776895480906257e-01 -1.933961882954449985e-01 1.222163971668144833e-01 -1.351683439448000401e-01 -1.499596635081071848e-02 2.064488389032416438e-01 3.267445004036487188e-01 -4.205804874062386567e-01 1.409478811855064406e-01 -2.106397192091170878e-01 -3.069633910558396406e-01 -1.593992008320026244e-01 -1.588340181781024429e-01 5.793666277254203023e-02
-1.818559239457034904e-01 4.209049332185041958e-01 -1.352776029421476171e-02 2.869416486134651265e-02 1.546794465639959870e-02 -3.520285559552372434e-01 2.137055532456826057e-01 2.078081421921612604e-01 -2.215589046901508818e-01 -1.966859138690121578e-01 -2.583280648906192689e-01 8.916293633485897208e-02 1.034854092530476249e-01 5.159575961494325402e-02 -6.324496525722519968e-02 -1.365787005820966182e-01 2.136152454814042520e-02 2.259628660157012373e-02 1.301553892496293552e-01 -2.095911842112629375e-01 1.751361925100312078e-01 3.769930182936257479e-01 -1.717677749439448787e-01 -3.363404950393387716e-01
-2.283944685486976808e-02 3.095211967898763364e-02 1.342448239131696086e-01 3.091101686425377637e-01 1.688121927348937568e-01 3.264537120931771536e-02 -1.678987190742691760e-01 2.029191863313274391e-01 -3.091231801846696658e-01 1.499854404224817694e-01 1.449143971121755747e-01 1.723424254951742562e-01 -2.675614498828076115e-01 -3.226534476375891303e-01 -2.082645797134033139e-01 4.043381841667190724e-01 1.336778013726513115e-01 -1.323596702764978650e-01 -1.540720218703880151e-01 2.466715870023645785e-01 3.574887744936130346e-02 2.137120039705766028e-01 1.789038694905234483e-01 -1.891440366735175627e-01
8.677656165883755601e-02 4.535751193660612993e-06 -3.309285080929738609e-01 -1.698711676266035087e-01 3.100904142105004868e-01 1.431295812241870297e-04 -1.365242607002408737e-01 5.232558045283885323e-02 1.095094303876896491e-01 2.784644988266970489e-01 1.935130578968921322e-01 -1.934262974305250293e-01 -1.222276513216184607e-01 -1.354228397533620565e-01 1.532773528832899121e-02 2.064282349752210033e-01 -3.265940038545354085e-01 4.205987369970135559e-01 1.415507734179024257e-01 -2.122131749069925966e-01 3.076104025050623858e-01 1.573320111601864690e-01 -1.574530849415625156e-01 -5.690603825783693837e-02
1.818485551473061901e-01 4.529473749026362572e-01 1.249968704350010347e-02 2.887990548577645117e-02 1.554726151179786423e-02 -3.520500321912449215e-01 -2.796718939972929197e-01 2.847663839307941203e-01 1.321115695595460604e-01 -1.580174983806059696e-01 3.190539512745498296e-01 1.501041695655582486e-01 -1.962331272382666081e-01 -5.145630112033956760e-02 -1.838890187496223334e-03 -1.165576588282973489e-02 2.121469629917247315e-02 -6.693445637579886753e-02 8.646054455948951056e-02 -1.358881404199880072e-01 -1.718156765129764119e-01 -3.289856625875977048e-01 -1.208206695940574477e-01 2.933002584636206223e-01
-5.503889253744428944e-02 -1.289893052431532738e-01 3.249798025945173641e-01 3.093328297151360373e-01 1.690199451945145759e-01 3.259583669793642696e-02 1.739909246940672394e-01 9.093985794556501412e-02 -1.362440441712438610e-01 2.468326819340840583e-01 -1.720018673230875039e-01 2.370450677132391604e-01 -1.446336491584701844e-01 1.337561490360659189e-01 1.919628163026593226e-01 1.957535028148796666e-02 -3.223330975875302040e-01 1.566809754033538504e-01 4.082590840753055894e-01 -2.353028850816429318e-01 -2.764475763646808137e-01 -1.807125179999151676e-01 9.956904142197621488e-02 -8.306093874797566487e-03
-1.075629426637345204e-01 7.085544028655066705e-06 -1.306040550270541611e-01 -1.696655416029456687e-01 3.101588024835748580e-01 8.944825526108645308e-05 2.096510304602745289e-01 2.450656338483345187e-01 2.845474348630504524e-01 1.232189252427838971e-01 1.937023761443767145e-01 1.934359982134845057e-01 -2.950543966088291503e-01 3.267197221412661556e-01 3.972548728394801332e-01 -2.068574158172666877e-01 1.353154072383336570e-01 -1.384268068060621748e-01 -1.413140228966645873e-01 2.221990852479730216e-01 -8.155256957474682489e-03 1.592794793615204818e-01 1.576178249136663823e-01 -1.406807874694742388e-01
4.386997495318815665e-01 1.651291937082944028e-01 3.126628049741321524e-02 2.893772264402858993e-02 1.577117481682995676e-02 -3.520521030933134177e-01 -2.250872527930428968e-01 -2.381769306474567915e-01 1.596466110086720569e-01 2.210938012617027215e-01 -1.500488172246903229e-01 -2.583517941531922602e-01 1.307235680555252910e-01 2.129987023259896986e-02 1.065027485877578090e-01 -2.820719146230074234e-02 -5.107697587787108501e-02 -8.610531596942620769e-02 1.106508555455188170e-01 1.388274943460690303e-01 -2.211378281309369365e-01 1.220963886351784100e-01 3.764381915485028873e-01 -3.263625225135700081e-01
-5.506334245272163225e-02 1.294545342209727778e-01 3.247915100407779421e-01 3.093966411193098676e-01 1.689021663778077498e-01 3.259444609198276083e-02 -1.740174585614120695e-01 9.088607062785870883e-02 1.363292153743496105e-01 2.467854660291667335e-01 -1.718748406303754472e-01 -2.371366851304555212e-01 1.446305640681088411e-01 1.337576822328295778e-01 1.919305978697584958e-01 -1.988122766412330628e-02 3.223335034426746404e-01 1.567727499650439782e-01 -4.082245391155370218e-01 -2.354575639624002514e-01 2.763207597566197937e-01 -1.807118044648641508e-01 -9.956016971645317848e-02 8.304314508505092340e-03
1.075634966156883282e-01 2.182939504916797668e-04 1.305991831372835532e-01 -1.692563620343588426e-01 3.103835781084566259e-01 1.417894431801927501e-05 2.097261128487009074e-01 -2.450026501858061367e-01 2.845052199139684324e-01 -1.233161897598244738e-01 -1.938060209147245971e-01 1.933313745657965488e-01 -2.950498894652308635e-01 -3.267243689011455343e-01 -3.975850382499054869e-01 -2.062255988862074785e-01 1.353139424074517316e-01 1.384573366523475513e-01 -1.412814565447328141e-01 -2.221904300194304793e-01 -8.275984281733763173e-03 -1.592750743549267434e-01 1.576254244615583611e-01 -1.406816306250097404e-01
4.387314886014651028e-01 -1.650022704719646127e-01 3.150742836064496927e-02 2.886041692848117721e-02 1.591396525614580462e-02 -3.520503186650638661e-01 2.251591686239021450e-01 -2.381085187465780406e-01 -1.595716122438018691e-01 2.211485917131047474e-01 -1.501880214733238572e-01 2.582708806528069556e-01 -1.307237697116472308e-01 2.129739621473691197e-02 1.065470139698280749e-01 2.803786370792968677e-02 5.107699289529844811e-02 -8.608025526436824393e-02 -1.106700147154455471e-01 1.386987305209562427e-01 2.212123026661022562e-01 1.220905732028364915e-01 -3.764434660785160314e-01 3.263632822241851472e-01
2.257491651336861541e-02 1.697824687966908164e-01 -1.353780139249589620e-01 3.088203830222484569e-01 1.685710467373336685e-01 3.274543062382926500e-02 2.465085742052760542e-01 -2.812986640053498633e-01 2.528279111763820919e-01 -9.350541142565930997e-02 2.372097421002401230e-01 2.104954333747615369e-01 3.150218803561036784e-01 3.223380567323763657e-01 -1.987319945330867088e-01 3.809217442418125210e-01 -1.336881502108414888e-01 -1.465087956279404746e-01 -1.194255181256312914e-01 -1.932825170085014921e-01 1.876778776793964348e-02 9.907238059659040363e-02 1.332966100196586179e-01 8.781058278046578736e-02
1.163366777300948590e-01 4.660309416126608172e-04 3.216850440265959232e-01 -1.690164073784832244e-01 3.105633673692045349e-01 -4.964503204523829913e-05 1.365206366572061791e-01 -5.235300523666207295e-02 -1.095746920792955853e-01 -2.784795033277412957e-01 1.936807235179960618e-01 -1.932924271134956740e-01 1.222131583507074237e-01 1.351685816870341894e-01 1.532567464914995868e-02 2.064234496700338706e-01 3.267450368315953368e-01 4.205500459306263372e-01 1.410420018216086147e-01 2.108060005382854374e-01 -3.068499011467294979e-01 1.593909363532071966e-01 -1.588414175479794799e-01 5.793672294480817914e-02
-1.817744899625585997e-01 -4.209631706747051227e-01 -1.291297570374467379e-02 2.847419829507953637e-02 1.587317878642961408e-02 -3.520237888442203644e-01 -2.137687508617338583e-01 2.077433092373768553e-01 2.214920958958758179e-01 -1.967613236436880908e-01 -2.582800554944979510e-01 -8.930184484587611049e-02 -1.034861579474532084e-01 5.159428065305970978e-02 -6.302756533846097520e-02 1.366791542707160301e-01 -2.136147980789250903e-02 2.262553535325110068e-02 -1.301502473421772277e-01 -2.094931445256966729e-01 -1.752561871608361299e-01 3.769938703578589734e-01 1.717630840040880458e-01 3.363404437423248572e-01
5.463365423667897181e-02 -7.181166003744865467e-02 -3.258577775304009605e-01 3.085724907311130916e-01 1.685699133877093525e-01 3.280762873958721626e-02 -9.558794950812682378e-02 -1.253473386090645826e-02 7.992944710520134832e-02 -3.032631044106696150e-01 -2.102843017667334335e-01 1.451765075559774687e-01 9.683603172112797974e-02 -1.334424212582817626e-01 2.156142831593665932e-01 9.833155130285637854e-03 3.226688710174362429e-01 1.221061554813399896e-01 4.224065380561113914e-01 1.818871222805071020e-01 3.299619528297317306e-01 -1.320523889050340405e-01 2.139733715457559360e-01 1.077736485463938326e-01
-9.541769478554314177e-02 2.837357581601782129e-04 1.397598515370749861e-01 -1.693126289773760618e-01 3.103590262162022051e-01 -2.492203944006130774e-06 -2.096475843900341696e-01 -2.449280439497336093e-01 -2.844816172462679704e-01 -1.232441323774151748e-01 1.933705369714937283e-01 1.935329945693761711e-01 2.950531814581743295e-01 -3.266768392413382793e-01 3.974272421475232298e-01 -2.067212843614289475e-01 -1.354663082592850176e-01 -1.383971693910518164e-01 -1.412369126834431277e-01 -2.238947804563400368e-01 7.389268885912756400e-03 1.571323574378007126e-01 1.586791391090952574e-01 1.396553139495158302e-01
-4.388450053858271582e-01 -1.970345288554944396e-01 -3.149123172502173856e-02 2.839618983151220855e-02 1.568586966034326083e-02 -3.520260895797207579e-01 -2.680931500055841465e-01 -2.544886540443534462e-01 1.940985998812175817e-01 1.335437507335026364e-01 8.921844487008498414e-02 3.192172591476911125e-01 1.690601046328041035e-01 -2.141265758425362972e-02 -4.155167275786283282e-02 3.296837264269083384e-02 5.139403619456966305e-02 1.303984839302808341e-01 2.138870449874836349e-02 2.067462573704341444e-01 -1.226079032892829629e-01 -1.701143419796782574e-01 -3.296537294593630540e-01 -3.054124186464413082e-01
5.462018015319683450e-02 7.134748989769575112e-02 -3.259630041065844641e-01 3.086103200594584872e-01 1.685001822288257622e-01 3.280678933945706949e-02 9.559101987590605531e-02 -1.250468742351772133e-02 -8.003377122120983178e-02 -3.032353607783261906e-01 -2.102069014682508563e-01 -1.452887301218047378e-01 -9.683337451814437447e-02 -1.334421264488803160e-01 2.155967766947238518e-01 -1.017730609472811132e-02 -3.226695261632574474e-01 1.222009301132078590e-01 -4.223799631476223282e-01 1.820655385265423087e-01 -3.298601835347449440e-01 -1.320618872196714089e-01 -2.139728713510073987e-01 -1.077729406314403837e-01
9.541723709388713615e-02 9.780611776463589804e-05 -1.397619510378227403e-01 -1.696144060904466455e-01 3.101927844402218026e-01 1.062118954232307101e-04 -2.097223426965247606e-01 2.448641404497110541e-01 -2.844395776183246127e-01 1.233420791219194540e-01 -1.934738374913468617e-01 1.934294071257974534e-01 2.950497025201911372e-01 3.266813132450077095e-01 -3.977563641861624477e-01 -2.060879951371542285e-01 -1.354651262399959866e-01 1.384282645225500263e-01 -1.412044678613507409e-01 2.238923286242924804e-01 7.515786682458142944e-03 -1.571283887273087765e-01 1.586798766433790697e-01 1.396561184808660927e-01
-4.388831985969002814e-01 1.968997150286119768e-01 -3.177912485160300921e-02 2.849503805081687186e-02 1.550354073024765196e-02 -3.520284080886554867e-01 2.681702009227788785e-01 -2.544073521472877686e-01 -1.940528325235274798e-01 1.336098501978218445e-01 8.939037636343470650e-02 -3.191694645119897422e-01 -1.690598283556410397e-01 -2.141455684697869330e-02 -4.160373618123740236e-02 -3.290211631561249656e-02 -5.139410854464663420e-02 1.304033587451091103e-01 -2.135969318878994105e-02 2.066836507270044809e-01 1.227237524418475223e-01 -1.701057062526865060e-01 3.296539246058116657e-01 3.054124902060892377e-01
-2.283378174960206536e-02 -3.075884901111892999e-02 1.342909095775199346e-01 3.091025871505019285e-01 1.688256265098723452e-01 3.264565361083095196e-02 1.678364588154697412e-01 2.029699838786039601e-01 3.091750540589826568e-01 1.498791246359211238e-01 1.450063988553761951e-01 -1.722665350406250573e-01 2.675660935313601829e-01 -3.226478970721980977e-01 -2.089068970481781085e-01 -4.040059821389903605e-01 -1.336789768390711508e-01 -1.323953421663849050e-01 1.540429698008961013e-01 2.466884345899499065e-01 -3.561513594680890127e-02 2.137066236991242985e-01 -1.789136993530324460e-01 1.891450812514599011e-01
-8.677623276979215539e-02 4.710267223881072179e-04 3.309241998225330716e-01 -1.690888130765214048e-01 3.105213968803225977e-01 -3.941532986301355995e-05 -1.365085185275561053e-01 -5.236779693173045785e-02 1.094134403088007634e-01 -2.785026430437608225e-01 -1.934091390338047167e-01 -1.935297783055114629e-01 -1.222304321851557657e-01 1.354226661981981217e-01 -1.499819478566179025e-02 2.064542747883910678e-01 -3.265934287405043435e-01 -4.206299039806284390e-01 1.414562023586080908e-01 2.120406913940224569e-01 3.077290689821090552e-01 -1.573321295752890814e-01 -1.574526920967125598e-01 -5.690608318469816962e-02
1.819360863960376162e-01 -4.528973069336846846e-01 1.316084588290077767e-02 2.864107605370819903e-02 1.598661904477743229e-02 -3.520450982860486855e-01 2.795857023717111534e-01 2.848513380525763417e-01 -1.321654232133541718e-01 -1.579721796166624892e-01 3.191345971488650513e-01 -1.499320944427350588e-01 1.962338199366523428e-01 -5.145388989206314823e-02 -1.819962234771355407e-03 1.165841659612499442e-02 -2.121470559131870964e-02 -6.691551417642860322e-02 -8.647554771996003586e-02 -1.359796866878620336e-01 1.717453736644976026e-01 -3.289800859222160589e-01 1.208304283033293375e-01 -2.933010496344212181e-01
